PORT=5000
MONGO_URI=mongodb+srv://oishikme112:y3TDMe4l1WJfg2h9@geoinfizest.x1yjaof.mongodb.net/?retryWrites=true&w=majority&appName=geoinfizest
JWT_SECRET=2773803b02d89eef8f5e5e49d6739585bf4079bf71372e0d14fe6319fcb56ca9de4c5ec67dde82c9dc9fc281120f9539f495a8077c51192f84a272a45ba2dd42
OFFICE_LAT=22.6437356
OFFICE_LON=88.3776948
MAX_DISTANCE=100
STRICT_TIME=10:30